%NumGrains 3
%BeamCenter 0.972629
%BeamThickness 100.000000
%GlobalPosition 0.000000
%NumPhases 1
%PhaseInfo
%	SpaceGroup:225
%	Lattice Parameter: 4.080000 4.080000 4.080000 90.000000 90.000000 90.000000
%GrainID	O11	O12	O13	O21	O22	O23	O31	O32	O33	X	Y	Z	a	b	c	alpha	beta	gamma	DiffPos	DiffOme	DiffAngle	GrainRadius	Confidence	eFab11	eFab12	eFab13	eFab21	eFab22	eFab23	eFab31	eFab32	eFab33	eKen11	eKen12	eKen13	eKen21	eKen22	eKen23	eKen31	eKen32	eKen33	RMSErrorStrain	PhaseNr	Eul0	Eul1	Eul2
64	0.974187	0.117376	-0.192830	0.048149	0.726501	0.685480	0.220549	-0.677070	0.702097	0.398665	0.048383	0.704670	4.081838	4.080082	4.081172	90.023229	90.008685	89.975450	95.796787	0.097793	0.085169	423.525761	1.000000	59.670430	-289.519768	-48.456813	-289.519768	419.927139	-144.436821	-48.456813	-144.436821	278.207632	365.433144	16.539675	99.024907	16.539675	350.450241	5.333318	99.024907	5.333318	459.812444	131.081423	1.000000	195.710523	45.404529	161.958401	
65	0.635707	0.559270	-0.532072	-0.680332	0.731594	-0.043856	0.364735	0.389862	0.845564	-20.754256	-40.347857	9.757392	4.083518	4.081822	4.080661	90.001069	90.062210	89.989547	98.602555	0.136058	0.114352	310.807365	0.980769	747.939093	383.478632	36.207993	383.478632	794.440021	-203.525390	36.207993	-203.525390	-72.225661	371.656184	60.117356	103.215064	60.117356	349.974014	12.969493	103.215064	12.969493	408.027743	119.290841	1.000000	274.711932	32.267577	43.092579	
70	0.628178	0.567207	-0.532605	-0.684713	0.728102	-0.032175	0.369541	0.384893	0.845752	40.975908	20.603836	-5.766479	4.084036	4.082091	4.078819	90.046911	90.042955	90.122852	168.950123	0.124095	0.104273	330.551803	1.000000	1172.316854	-816.789457	-459.743929	-816.789457	-385.547559	625.520852	-459.743929	625.520852	422.546129	308.379823	-31.714971	50.146899	-31.714971	405.754992	-41.629057	50.146899	-41.629057	412.761187	121.093611	1.000000	273.457059	32.247411	43.834243	
