%NumGrains 3
%BeamCenter 3.248273
%BeamThickness 200.000000
%GlobalPosition 100.000000
%NumPhases 1
%PhaseInfo
%	SpaceGroup:225
%	Lattice Parameter: 4.080000 4.080000 4.080000 90.000000 90.000000 90.000000
%GrainID	O11	O12	O13	O21	O22	O23	O31	O32	O33	X	Y	Z	a	b	c	alpha	beta	gamma	DiffPos	DiffOme	DiffAngle	GrainRadius	Confidence	eFab11	eFab12	eFab13	eFab21	eFab22	eFab23	eFab31	eFab32	eFab33	eKen11	eKen12	eKen13	eKen21	eKen22	eKen23	eKen31	eKen32	eKen33	RMSErrorStrain	PhaseNr	Eul0	Eul1	Eul2
58	0.190862	0.118891	0.974391	-0.685932	0.726226	0.045748	-0.702188	-0.677098	0.220160	9.448325	-6.068139	1.512761	4.082667	4.080200	4.081332	89.975648	89.977777	89.997946	118.765607	0.053858	0.050768	104.122631	0.991379	456.761181	-42.242684	-284.574538	-42.242684	318.219514	285.109501	-284.574538	285.109501	254.199529	494.155981	-47.515186	-339.631531	-47.515186	479.240624	54.266032	-339.631531	54.266032	94.298835	694.218903	1.000000	1.617712	1.348818	3.945180	
53	-0.633562	-0.561751	-0.532010	0.682358	-0.729810	-0.042001	-0.364672	-0.389632	0.845696	-19.096450	-37.423367	9.676713	4.083001	4.081520	4.081738	89.994791	89.947640	89.995152	126.969720	0.070686	0.063891	103.314089	1.000000	898.719073	-287.387182	-89.576127	-287.387182	475.907885	151.398988	-89.576127	151.398988	158.909711	1025.258228	-299.419863	-3.711022	-299.419863	489.770702	197.017657	-3.711022	197.017657	1.730377	665.989197	1.000000	4.791174	0.562929	3.893913	
64	-0.570700	0.532518	0.625080	-0.724813	0.031091	-0.688244	-0.385937	-0.845847	0.368233	35.237718	19.528816	-1.921509	4.081648	4.078961	4.084560	89.968830	89.870598	90.074441	118.489606	0.073082	0.063746	99.741925	1.000000	265.324160	-219.187428	-320.433101	-219.187428	1884.403076	-395.508933	-320.433101	-395.508933	-886.309203	190.297564	-295.090778	-238.792291	-295.090778	1518.064281	-105.231304	-238.792291	-105.231304	-413.290608	668.406938	1.000000	0.737341	1.193689	3.569651	
