%NumGrains 3
%BeamCenter -101.889291
%BeamThickness 200.000000
%GlobalPosition 100.000000
%NumPhases 1
%PhaseInfo
%	SpaceGroup:225
%	Lattice Parameter: 4.080000 4.080000 4.080000 90.000000 90.000000 90.000000
%GrainID	O11	O12	O13	O21	O22	O23	O31	O32	O33	X	Y	Z	a	b	c	alpha	beta	gamma	DiffPos	DiffOme	DiffAngle	GrainRadius	Confidence	eFab11	eFab12	eFab13	eFab21	eFab22	eFab23	eFab31	eFab32	eFab33	eKen11	eKen12	eKen13	eKen21	eKen22	eKen23	eKen31	eKen32	eKen33	RMSErrorStrain	PhaseNr	Eul0	Eul1	Eul2
55	0.974667	0.120819	-0.188224	0.042393	0.726498	0.685863	0.219609	-0.676468	0.702971	-66.207372	-110.177920	-104.750749	4.079595	4.083863	4.081743	90.039171	90.067666	90.041265	133.043079	0.114854	0.092532	102.354155	0.980769	899.056354	490.067589	21.138689	490.067589	-396.618211	345.352967	21.138689	345.352967	770.923222	722.187441	-100.495899	-139.656980	-100.495899	-179.077586	108.016898	-139.656980	108.016898	356.755417	690.407401	1.000000	195.344925	45.334116	162.015393	
61	0.632287	0.563108	-0.532093	-0.683460	0.728846	-0.040827	0.364824	0.389478	0.845701	-84.508095	-142.474800	-108.586086	4.080898	4.083442	4.081581	89.959170	90.015295	89.998316	125.398303	0.126763	0.111070	106.943358	0.961538	178.465417	-277.594859	60.440479	-277.594859	948.372210	-36.389237	60.440479	-36.389237	324.093778	706.547127	-525.779077	-295.523093	-525.779077	533.701832	177.973949	-295.523093	177.973949	304.142732	682.678955	1.000000	274.387625	32.252862	43.127945	
58	0.623106	0.572595	-0.532804	-0.689435	0.723793	-0.028438	0.369358	0.385051	0.845762	-131.527575	-85.766916	-90.199790	4.081779	4.085992	4.078445	89.947483	90.037272	89.917972	133.373892	0.156479	0.132553	98.757546	0.980769	596.507463	-526.229073	39.700649	-526.229073	1635.769971	-168.032409	39.700649	-168.032409	-710.302526	391.229806	-204.651182	231.967355	-204.651182	1689.333679	-316.543019	231.967355	-316.543019	-508.252106	724.712171	1.000000	273.055267	32.246324	43.808012	
