%NumGrains 3
%BeamCenter 1.540877
%BeamThickness 200.000000
%GlobalPosition 100.000000
%NumPhases 1
%PhaseInfo
%	SpaceGroup:225
%	Lattice Parameter: 4.080000 4.080000 4.080000 90.000000 90.000000 90.000000
%GrainID	O11	O12	O13	O21	O22	O23	O31	O32	O33	X	Y	Z	a	b	c	alpha	beta	gamma	DiffPos	DiffOme	DiffAngle	GrainRadius	Confidence	eFab11	eFab12	eFab13	eFab21	eFab22	eFab23	eFab31	eFab32	eFab33	eKen11	eKen12	eKen13	eKen21	eKen22	eKen23	eKen31	eKen32	eKen33	RMSErrorStrain	PhaseNr	Eul0	Eul1	Eul2
60	0.190835	-0.974318	0.119524	-0.686144	-0.045324	0.726053	-0.701989	-0.220567	-0.677172	-2.045280	-2.939652	1.112909	4.081320	4.082035	4.080049	90.029089	89.988072	90.006479	30.485583	0.051684	0.040393	108.645694	1.000000	570.234126	130.350893	-156.472649	130.350893	69.073833	172.722436	-156.472649	172.722436	194.771883	610.924654	11.736819	-193.884916	11.736819	94.340643	161.219418	-193.884916	161.219418	127.758527	130.613522	1.000000	2.978435	2.314708	4.407954	
61	-0.531541	-0.633961	-0.561745	-0.042514	0.682323	-0.729813	0.845965	-0.364044	-0.389635	-18.538078	-34.502414	7.515286	4.080781	4.082579	4.081732	89.995137	89.992364	89.954606	32.241427	0.069130	0.055882	111.327100	1.000000	779.115811	-197.340395	18.301637	-197.340395	459.599908	151.563829	18.301637	151.563829	9.139803	832.028557	-269.409504	-72.981919	-269.409504	452.941878	203.021481	-72.981919	203.021481	-67.742591	147.372839	1.000000	5.627188	1.971032	1.977172	
62	-0.531814	-0.626474	-0.569829	-0.030701	0.686692	-0.726300	0.846305	-0.368762	-0.384426	34.311765	21.719286	-5.555760	4.078834	4.084442	4.082312	90.108728	89.962360	89.946838	26.702235	0.081623	0.067385	102.732351	1.000000	359.808912	-326.338729	-170.593083	-326.338729	1753.646281	-36.040885	-170.593083	-36.040885	-746.518664	316.832514	-240.816223	-75.001469	-240.816223	1687.672327	-125.272597	-75.001469	-125.272597	-525.063598	196.353649	1.000000	5.617928	1.965382	1.981722	
