%GrainID OrientMat(9) dummies LatC(6) x y z dummies
1 0.514823088807 -0.509315510774 -0.689604885218 0.628008528900 0.771618056645 -0.101048811415 0.583577308384 -0.381055488274 0.717101275968 0 0 0 4.080000 4.080000 4.080000 90.000000 90.000000 90.000000 -8.750000 -20.207259 0 0
2 0.970746052229 0.233913904219 0.054188444299 -0.238143113490 0.966777328377 0.092894859025 -0.030658760252 -0.103081922512 0.994200260346 0 0 0 4.080000 4.080000 4.080000 90.000000 90.000000 90.000000 -22.500000 -13.712069 0 0
3 0.784817176421 -0.132578936073 0.605379901636 0.456036387809 0.785000247013 -0.419291575378 -0.419634141353 0.605142493879 0.676542496457 0 0 0 4.080000 4.080000 4.080000 90.000000 90.000000 90.000000 -38.750000 14.433757 0 0
4 0.716641451791 -0.099435825563 -0.690316989629 0.039296044422 0.993968848538 -0.102380413311 0.696333864226 0.046243320941 0.716226713269 0 0 0 4.080000 4.080000 4.080000 90.000000 90.000000 90.000000 18.750000 -50.518149 0 0
