%NumGrains 915
%BeamCenter -9.268723
%BeamThickness 100.000000
%GlobalPosition 0.000000
%NumPhases 1
%PhaseInfo
%	SpaceGroup:225
%	Lattice Parameter: 3.600000 3.600000 3.600000 90.000000 90.000000 90.000000
%GrainID	O11	O12	O13	O21	O22	O23	O31	O32	O33	X	Y	Z	a	b	c	alpha	beta	gamma	DiffPos	DiffOme	DiffAngle	GrainRadius	Confidence	eFab11	eFab12	eFab13	eFab21	eFab22	eFab23	eFab31	eFab32	eFab33	eKen11	eKen12	eKen13	eKen21	eKen22	eKen23	eKen31	eKen32	eKen33	RMSErrorStrain	PhaseNr
25638	0.229130	-0.462834	-0.856320	0.925644	0.375760	0.044584	0.301136	-0.802863	0.514517	-202.256344	-382.518581	-46.333477	3.593752	3.595341	3.595188	89.980124	89.993757	89.999332	66.472655	0.054343	0.048866	90.191428	1.000000	-1233.851867	-195.841580	56.649307	-195.841580	-1658.146814	-73.739165	56.649307	-73.739165	-1474.577189	-1201.678315	-267.899551	119.063382	-267.899551	-1698.418417	7.730864	119.063382	7.730864	-1484.244544	543.612897	1.000000	
21966	-0.292703	-0.953154	0.076300	0.117153	0.043447	0.992163	-0.949000	0.299348	0.098948	0.024956	151.947141	-22.140537	3.594040	3.594061	3.594973	90.011117	89.981681	90.005421	78.650372	0.063766	0.054267	64.507468	1.000000	-1668.052922	71.605397	-47.564338	71.605397	-1372.059481	-151.777659	-47.564338	-151.777659	-1661.449038	-1702.045455	32.226959	-82.055299	32.226959	-1461.655350	-99.064470	-82.055299	-99.064470	-1634.359232	479.635830	1.000000	
26519	0.247943	-0.959905	-0.130794	0.327833	-0.043909	0.943715	-0.911619	-0.276866	0.303801	150.972594	-18.718693	-56.006980	3.594803	3.594521	3.594069	89.999785	89.990733	90.012965	76.944304	0.058313	0.051955	43.820784	0.814516	-1470.162750	72.398790	-88.542273	72.398790	-1572.334488	-115.612035	-88.542273	-115.612035	-1570.560246	-1413.904554	35.138174	-80.988596	35.138174	-1511.901148	-113.832163	-80.988596	-113.832163	-1645.168612	512.947541	1.000000	
24442	-0.249067	-0.959448	-0.132008	0.965569	-0.256570	0.042982	-0.075109	-0.116757	0.990316	-128.523975	-56.977722	-103.149215	3.594619	3.596024	3.593936	89.979433	90.016703	89.977716	108.354313	0.080154	0.068350	36.848295	0.898438	-1010.070526	-51.552503	-44.966315	-51.552503	-1581.733790	-199.681417	-44.966315	-199.681417	-1691.810555	-975.640361	42.053634	-70.703668	42.053634	-1440.799797	-259.116666	-70.703668	-259.116666	-1843.526483	1034.494046	1.000000	
25300	0.088037	-0.073977	-0.993366	0.889725	0.454270	0.045022	0.447926	-0.887787	0.105812	-385.567254	-80.306388	-32.605078	3.596506	3.595854	3.593862	90.015265	89.990165	90.019246	75.741915	0.049074	0.046439	59.265440	1.000000	-1728.633170	28.308118	-69.694015	28.308118	-1143.673904	176.679412	-69.694015	176.679412	-955.084870	-1768.792254	223.453945	7.916301	223.453945	-1300.183336	225.900713	7.916301	225.900713	-791.073771	697.968605	1.000000	
26707	-0.509093	0.559602	0.653965	-0.806439	-0.044591	-0.589633	-0.300799	-0.827561	0.473986	337.399518	204.810083	24.316871	3.594088	3.594304	3.595440	89.998945	89.993910	89.998410	57.742460	0.044620	0.040206	99.716790	1.000000	-1499.305767	-167.632118	66.381053	-167.632118	-1459.585939	-99.918654	66.381053	-99.918654	-1532.211020	-1464.785952	-165.101170	11.253713	-165.101170	-1571.965958	-11.829543	11.253713	-11.829543	-1587.463024	388.490911	1.000000	
28089	0.493057	-0.036905	-0.869214	0.157994	0.986285	0.047745	0.855531	-0.160871	0.492125	385.879114	-69.540480	54.023152	3.595169	3.594949	3.594982	90.008574	89.999660	89.981658	80.568155	0.058449	0.052378	59.940558	0.929688	-1394.343696	145.030217	-6.467539	145.030217	-1358.801274	103.981396	-6.467539	103.981396	-1385.726404	-1425.019527	134.385287	11.304430	134.385287	-1401.928379	-9.056143	11.304430	-9.056143	-1435.690302	593.781341	1.000000	
25960	-0.230174	-0.220740	0.947784	-0.786786	0.615375	-0.047754	-0.572701	-0.756695	-0.315319	8.319699	332.636877	63.862412	3.594820	3.594631	3.595471	90.011248	90.014819	89.989111	89.727286	0.048775	0.049746	43.480410	0.937500	-1172.088243	38.673611	89.939215	38.673611	-1554.105247	30.120870	89.939215	30.120870	-1462.123130	-1345.793006	-64.963355	-35.766998	-64.963355	-1544.735265	46.761051	-35.766998	46.761051	-1474.249081	457.408324	1.000000	
24332	0.247794	0.960313	0.128054	-0.569395	0.037419	0.821212	0.783829	-0.276405	0.556069	310.848712	-235.372392	68.339137	3.594232	3.595779	3.595019	89.973274	89.992730	90.021831	97.930842	0.061778	0.060780	48.929607	0.984375	-1231.675710	333.806530	-97.433821	333.806530	-1491.086929	32.625821	-97.433821	32.625821	-1435.899751	-1155.190197	179.720465	152.011322	179.720465	-1698.649373	-22.581958	152.011322	-22.581958	-1354.146021	1016.423825	1.000000	
21603	0.938081	0.339253	-0.070085	-0.048122	0.327970	0.943462	0.343057	-0.881671	0.323988	-392.004313	363.937620	57.972709	3.595059	3.594160	3.595056	89.985530	89.960683	90.011378	135.423999	0.060582	0.073240	34.665172	0.887097	-1515.768260	285.219347	262.691511	285.219347	-1350.059254	70.689460	262.691511	70.689460	-1502.615832	-1602.163906	275.756717	323.218738	275.756717	-1287.936579	11.940849	323.218738	11.940849	-1376.280763	578.385091	1.000000	
21343	-0.792527	-0.344298	0.503349	0.048285	0.787364	0.614594	-0.607923	0.511387	-0.607383	-118.870021	76.077802	59.014665	3.594701	3.594328	3.594739	89.999059	90.013665	89.971554	66.503408	0.051428	0.048908	72.248961	1.000000	-1254.224038	-70.815024	-50.708896	-70.815024	-1512.478458	-111.545041	-50.708896	-111.545041	-1742.358106	-1424.527473	-7.503580	-16.813097	-7.503580	-1499.561990	-114.086240	-16.813097	-114.086240	-1626.632731	399.286579	1.000000	
26076	-0.317144	0.712423	0.625997	-0.900015	-0.434185	0.038161	0.298986	-0.551305	0.778891	-284.148807	-155.100013	-87.902340	3.594001	3.595583	3.594554	89.992013	89.994177	90.001339	80.729498	0.063460	0.060100	57.040820	1.000000	-1335.908741	-172.600714	-90.711610	-172.600714	-1598.148839	45.471363	-90.711610	45.471363	-1471.950345	-1391.366154	-226.835246	-170.675793	-226.835246	-1409.568424	-37.468290	-170.675793	-37.468290	-1536.491834	388.139446	1.000000	
28847	0.987640	0.148436	-0.050335	0.035207	0.102840	0.994075	0.152733	-0.983560	0.096343	-327.113103	-248.951476	79.488083	3.595203	3.596727	3.594945	90.004843	90.027957	89.998598	55.462083	0.060435	0.047721	60.472923	1.000000	-1295.135325	-233.452644	-97.078313	-233.452644	-1424.335183	-46.865388	-97.078313	-46.865388	-926.391931	-1284.897578	-206.932849	-76.809963	-206.932849	-1513.811674	20.806221	-76.809963	20.806221	-835.573546	384.318812	1.000000	
27520	-0.513171	-0.280507	0.811154	-0.434585	0.899901	0.036260	-0.740129	-0.333908	-0.583707	-463.116663	358.036913	-94.029400	3.596967	3.594783	3.594615	89.963489	89.983089	89.993239	105.391244	0.067312	0.063150	32.170697	0.898438	-1570.799554	288.247780	196.433672	288.247780	-1364.710165	27.998007	196.433672	27.998007	-852.279764	-1678.045181	345.586212	114.150421	345.586212	-1359.601609	169.692827	114.150421	169.692827	-785.078366	618.685357	1.000000	
27819	-0.648068	-0.316746	0.692589	-0.407355	0.912553	0.036174	-0.643482	-0.258686	-0.720425	-401.763347	434.432887	20.852138	3.596490	3.593907	3.594804	89.995168	90.020900	89.996428	37.308973	0.035730	0.029577	78.627196	0.992188	-1113.755595	263.026412	184.563676	263.026412	-1588.162446	89.242060	184.563676	89.242060	-1408.961800	-1260.760070	348.391440	100.389754	348.391440	-1564.097748	127.957904	100.389754	127.957904	-1400.202048	351.258057	1.000000	
21352	0.851770	-0.268957	0.449611	0.033243	0.884190	0.465943	-0.522860	-0.381930	0.762067	403.291040	348.365062	-59.663371	3.595080	3.595349	3.594464	90.000096	90.006139	90.009028	55.037874	0.053383	0.048892	78.759580	1.000000	-1400.479555	-134.430594	-58.262270	-134.430594	-1352.284927	-37.356977	-58.262270	-37.356977	-1443.351182	-1458.557547	-162.897733	-69.547719	-162.897733	-1525.783394	-206.363032	-69.547719	-206.363032	-1376.393612	456.078710	1.000000	
23019	0.532170	0.260339	0.805617	-0.375386	0.925459	-0.051096	-0.758868	-0.275225	0.590229	34.973662	368.411609	-32.577418	3.595176	3.594345	3.595493	89.988142	90.006195	89.971628	85.807847	0.056619	0.055546	47.439472	0.859375	-1233.015834	131.868306	-17.687708	131.868306	-1721.049253	-24.253361	-17.687708	-24.253361	-1208.790518	-1430.727179	-60.759267	-94.012140	-60.759267	-1590.575261	14.368498	-94.012140	14.368498	-1094.887792	437.719905	1.000000	
22496	-0.824152	-0.383495	-0.416780	0.465325	-0.038976	-0.884282	0.322873	-0.922720	0.210572	-265.074478	134.797696	-82.797331	3.595156	3.593986	3.593884	89.991767	89.983385	89.982570	94.968825	0.063584	0.062093	37.535969	0.854839	-1236.434810	-54.254460	-10.092458	-54.254460	-1742.015753	17.713439	-10.092458	17.713439	-1736.646847	-1309.057142	-80.279003	-44.388203	-80.279003	-1859.644863	20.194814	-44.388203	20.194814	-1672.346091	595.508600	1.000000	
24693	0.227895	0.905703	0.357444	-0.964244	0.260926	-0.046372	-0.135265	-0.334096	0.932783	-204.941819	465.182629	89.951325	3.592978	3.596666	3.595935	89.988012	90.005594	89.985278	106.872775	0.044755	0.052247	30.239047	0.937500	-892.582126	146.814640	6.175290	146.814640	-1950.519488	-17.481669	6.175290	-17.481669	-1162.875744	-1033.709437	21.901900	149.175242	21.901900	-2012.879756	114.405563	149.175242	114.405563	-1260.474232	627.712800	1.000000	
23956	0.357743	0.311265	0.880417	-0.568203	0.820750	-0.059290	-0.741057	-0.479045	0.470479	-404.597605	265.644240	24.635345	3.595257	3.596422	3.594135	89.983977	90.008855	89.977369	73.550254	0.078442	0.066444	66.913189	0.968750	-1455.763248	260.604895	-257.705933	260.604895	-1303.330382	-109.748507	-257.705933	-109.748507	-1181.315734	-1627.866646	157.201368	-65.789623	157.201368	-1180.424881	-1.761990	-65.789623	-1.761990	-1201.088868	152.647012	1.000000	
24522	-0.060925	-0.994509	0.085085	0.387062	0.055033	0.920410	-0.920039	0.089009	0.381584	-92.421048	-370.345837	-24.732283	3.594842	3.596009	3.594347	89.995015	90.018802	89.999266	69.231798	0.060370	0.053119	73.312713	0.992188	-1117.949461	-66.781960	-26.877095	-66.781960	-1660.433991	72.250029	-26.877095	72.250029	-1333.449054	-991.207173	-102.004937	81.933578	-102.004937	-1587.033162	-103.642286	81.933578	-103.642286	-1411.410332	471.569058	1.000000	
28387	0.716302	-0.684324	-0.136427	0.155412	-0.034147	0.987259	-0.680264	-0.728378	0.081893	-286.345495	-459.184959	-27.756873	3.595063	3.595865	3.594573	89.991264	90.010378	90.014378	42.027699	0.043501	0.040613	98.811257	1.000000	-1114.909641	-73.218432	109.196591	-73.218432	-1535.294504	10.430443	109.196591	10.430443	-1377.303470	-1124.690940	-2.119324	108.785720	-2.119324	-1467.860400	90.631930	108.785720	90.631930	-1330.574575	247.834087	1.000000	
25539	0.125462	-0.991965	-0.016260	0.543792	0.055051	0.837412	-0.829789	-0.113906	0.546330	-385.056963	134.097189	-100.357898	3.595499	3.594355	3.595098	90.010240	90.011164	90.011305	81.564689	0.066040	0.062429	44.182830	1.000000	-1540.966238	136.182768	-74.426892	136.182768	-1432.135397	6.114137	-74.426892	6.114137	-1206.944948	-1531.420903	85.385028	-8.594783	85.385028	-1417.444454	21.419784	-8.594783	21.419784	-1170.916231	204.714101	1.000000	
21361	0.608358	-0.484095	0.628930	0.033303	0.807313	0.589184	-0.792964	-0.337489	0.507257	-59.075422	-379.182712	-101.655348	3.594230	3.594777	3.594048	90.010603	89.995962	90.018177	73.698162	0.061570	0.053372	49.386977	1.000000	-1410.719120	-160.615321	16.049886	-160.615321	-1616.270012	11.299177	16.049886	11.299177	-1679.942674	-1570.446288	-130.695890	42.610153	-130.695890	-1478.186215	-60.589985	42.610153	-60.589985	-1609.371006	470.261865	1.000000	
28843	0.914792	-0.403716	-0.012968	0.031147	0.038494	0.998773	-0.402722	-0.914074	0.047788	-192.197793	-285.158646	-10.006372	3.595436	3.594680	3.593583	89.996903	90.029076	90.020885	74.946520	0.056068	0.051394	71.815478	1.000000	-1161.590034	-236.524532	32.950469	-236.524532	-1795.813733	67.784379	32.950469	67.784379	-1571.021903	-1305.966480	-188.448702	-102.911621	-188.448702	-1760.402525	-82.088927	-102.911621	-82.088927	-1570.036167	460.441859	1.000000	
24994	-0.035321	-0.818883	-0.572873	0.999373	-0.030339	-0.018249	-0.002437	-0.573158	0.819441	376.373166	-435.004714	-77.730641	3.593951	3.595486	3.595452	90.003629	90.010786	90.033157	80.481772	0.059244	0.051412	49.717180	0.914062	-1307.736031	303.766029	11.429202	303.766029	-1659.021966	90.118786	11.429202	90.118786	-1231.000148	-1325.758887	131.713326	-149.456974	131.713326	-1721.100191	240.000203	-149.456974	240.000203	-1043.698650	700.125113	1.000000	
23382	-0.531630	-0.736203	0.418778	0.643895	-0.030085	0.764522	-0.550245	0.676092	0.490031	408.838130	166.240109	47.358416	3.594953	3.594541	3.594837	89.997205	89.987180	89.997163	56.679995	0.056124	0.046438	84.500634	1.000000	-1514.995681	-53.485378	-5.262898	-53.485378	-1312.946801	1.894098	-5.262898	1.894098	-1524.457765	-1366.229263	-74.993019	88.921465	-74.993019	-1307.734101	57.916031	88.921465	57.916031	-1648.874216	433.519281	1.000000	
26343	0.453301	-0.591204	-0.667081	0.776104	0.629851	-0.030823	0.438384	-0.503752	0.744347	-199.746389	-107.605447	91.647039	3.593935	3.594668	3.594178	89.983766	90.003422	90.004272	54.631786	0.053843	0.044765	52.141385	1.000000	-1433.966814	-108.945020	29.252015	-108.945020	-1644.269936	-10.140941	29.252015	-10.140941	-1704.769415	-1422.546112	-62.667933	24.404829	-62.667933	-1500.157560	-126.129418	24.404829	-126.129418	-1683.498070	300.281455	1.000000	
24524	0.217003	0.942972	0.252413	-0.638219	-0.058604	0.767621	0.738638	-0.327671	0.589105	-198.554145	143.221158	-47.657122	3.593911	3.594414	3.594353	89.991481	90.001898	89.986208	69.651313	0.053609	0.048559	58.497073	1.000000	-1476.591684	-5.213311	80.120601	-5.213311	-1600.024144	53.802117	80.120601	53.802117	-1734.987473	-1423.029647	100.508424	-53.759647	100.508424	-1445.868032	-31.608383	-53.759647	-31.608383	-1835.839903	404.951902	1.000000	
22177	-0.769228	-0.567980	0.292723	0.314691	0.061955	0.947170	-0.556109	0.820707	0.131081	-6.803611	199.366878	-100.225119	3.593543	3.594326	3.595141	90.012395	89.985658	89.994527	61.186175	0.051248	0.044806	65.877431	1.000000	-1664.134920	81.245491	-150.362906	81.245491	-1330.989932	-68.617600	-150.362906	-68.617600	-1724.451047	-1626.557585	33.767925	-131.203924	33.767925	-1254.078145	72.133745	-131.203924	72.133745	-1745.940889	374.038991	1.000000	
25692	-0.052586	0.997343	-0.050416	-0.429127	0.023018	0.902951	0.901712	0.069117	0.426776	-364.563272	-260.237528	-95.668597	3.594897	3.594818	3.594878	90.014429	89.987109	90.007473	91.950852	0.061056	0.056719	35.778374	0.929688	-1419.408297	-88.316661	-120.411418	-88.316661	-1512.847086	60.348343	-120.411418	60.348343	-1347.716500	-1412.611682	-270.619547	-110.526924	-270.619547	-1696.963303	-42.441102	-110.526924	-42.441102	-1408.763520	459.678617	1.000000	
23627	-0.533363	-0.742142	-0.405893	0.797552	-0.601088	0.051019	-0.281841	-0.296509	0.912496	402.816468	321.837946	52.821615	3.595725	3.593278	3.594620	90.009018	89.987518	89.998735	63.484425	0.043908	0.043130	52.728849	1.000000	-1604.013377	-354.266966	-28.644150	-354.266966	-1430.899457	-14.302150	-28.644150	-14.302150	-1514.456205	-1798.273933	-195.687861	-99.861523	-195.687861	-1519.492476	117.573618	-99.861523	117.573618	-1454.533522	545.679956	1.000000	
24699	0.217463	0.466785	0.857217	-0.922934	0.384149	0.024952	-0.317652	-0.796581	0.514350	-342.981483	-167.002288	62.072067	3.595934	3.595686	3.594040	90.032306	89.994309	89.994432	48.594091	0.050761	0.047088	44.284147	1.000000	-1728.008768	-175.480612	-105.107925	-175.480612	-1182.139478	-29.826647	-105.107925	-29.826647	-1073.351112	-1660.688518	-147.230951	-148.967402	-147.230951	-1228.400182	-13.271790	-148.967402	-13.271790	-1037.479708	247.104251	1.000000	
21381	-0.995259	-0.056432	-0.079215	0.064691	0.224089	-0.972419	0.072627	-0.972933	-0.219376	187.679523	491.255186	-73.576806	3.596897	3.596111	3.593054	89.988527	90.002028	89.994360	40.551716	0.037788	0.027650	37.329504	0.992188	-865.849915	-103.916199	22.083998	-103.916199	-1922.221433	-91.211630	22.083998	-91.211630	-1083.628860	-879.705403	-142.111833	-59.439772	-142.111833	-1921.583844	-185.981564	-59.439772	-185.981564	-1093.566573	233.550964	1.000000	
24946	-0.049659	-0.710394	-0.702051	0.989965	0.058101	-0.128817	0.132301	-0.701402	0.700379	-426.707251	-406.325754	2.964936	3.596095	3.594811	3.595446	90.005366	89.979361	89.981155	42.729016	0.046487	0.036681	53.092777	0.992188	-1376.052816	-243.874544	-121.413346	-243.874544	-1115.194945	33.533969	-121.413346	33.533969	-1299.807576	-1369.244169	-196.458154	-100.197074	-196.458154	-1087.164842	-7.281625	-100.197074	-7.281625	-1349.087326	177.491911	1.000000	
21384	-0.802453	-0.105469	0.587321	0.060815	0.964675	0.256325	-0.593608	0.241407	-0.767692	-420.871811	-161.761653	-107.406593	3.594950	3.594760	3.594794	90.023262	89.978223	89.995326	96.301708	0.072271	0.063330	30.166569	0.882812	-1565.225236	-174.633836	21.154370	-174.633836	-1544.342157	73.315395	21.154370	73.315395	-1195.061156	-1683.936479	22.285594	-65.937189	22.285594	-1553.446183	83.832034	-65.937189	83.832034	-1129.585843	413.225687	1.000000	
23724	0.175889	0.979586	0.097341	-0.180184	-0.065176	0.981471	0.967779	-0.190169	0.165041	480.890296	29.956362	38.668679	3.597334	3.593132	3.597408	90.008632	90.007002	90.015536	83.092090	0.064561	0.059770	52.476658	0.984375	-1923.647655	20.685597	75.587828	20.685597	-697.617292	-48.558045	75.587828	-48.558045	-747.152537	-1883.068994	-6.462747	85.450563	-6.462747	-803.657055	35.739077	85.450563	35.739077	-716.302575	321.330076	1.000000	
24767	-0.109018	-0.971426	0.210823	0.917631	-0.016805	0.397078	-0.382189	0.236747	0.893243	298.530279	468.801667	-56.019156	3.593888	3.595376	3.595091	90.004280	90.002387	89.993597	83.609524	0.058473	0.062137	58.503356	1.000000	-1264.852396	-3.503400	21.332657	-3.503400	-1661.383109	112.495287	21.332657	112.495287	-1419.746030	-1358.885671	-80.521519	57.040794	-80.521519	-1669.260730	138.148044	57.040794	138.148044	-1236.975235	317.144745	1.000000	
21935	-0.761158	0.212700	-0.612697	0.224641	0.972678	0.058595	0.608420	-0.093037	-0.788143	239.948318	-38.780723	67.969307	3.594525	3.594499	3.594428	90.004465	89.990325	90.007820	57.309301	0.053152	0.043338	61.781744	0.992188	-1420.401301	53.966319	-3.115150	53.966319	-1559.823431	-18.863292	-3.115150	-18.863292	-1616.456146	-1410.698807	108.899250	-156.666311	108.899250	-1587.658142	-35.610851	-156.666311	-35.610851	-1437.631505	399.142693	1.000000	
23926	0.355111	0.298058	0.886035	-0.540700	0.838668	-0.065419	-0.762587	-0.455849	0.458980	-336.338430	121.948882	-21.109364	3.595706	3.595058	3.594557	89.994335	90.006040	89.982307	50.389372	0.048240	0.040636	81.814455	1.000000	-1433.723955	56.739416	-151.492488	56.739416	-1469.856144	48.692651	-151.492488	48.692651	-1174.066023	-1494.094839	100.033291	-20.376711	100.033291	-1494.101970	32.997032	-20.376711	32.997032	-1134.758521	291.952402	1.000000	
21391	-0.728878	-0.581340	0.361636	0.062849	0.469166	0.880870	-0.681753	0.664776	-0.305428	-309.987336	185.478291	44.080755	3.594417	3.594761	3.595418	90.013382	90.014511	90.026538	121.780781	0.083025	0.080251	40.444069	0.867188	-1562.531392	268.263511	-93.084766	268.263511	-1438.050682	46.121123	-93.084766	46.121123	-1278.395270	-1476.426249	58.947206	35.098364	58.947206	-1469.659154	338.665397	35.098364	338.665397	-1210.569704	756.077655	1.000000	
24269	0.373304	0.689100	0.621116	-0.854683	0.515832	-0.058609	-0.360779	-0.508978	0.781524	472.359527	28.486352	-28.738445	3.596688	3.595234	3.595451	90.026169	90.000227	90.003637	129.096188	0.084299	0.070899	36.248876	0.929688	-1456.873862	-181.240076	-62.068622	-181.240076	-987.200204	16.406541	-62.068622	16.406541	-1063.649132	-1415.752299	-492.215788	-238.408295	-492.215788	-959.182791	178.992357	-238.408295	178.992357	-1030.866110	887.310942	1.000000	
21393	0.778895	-0.169524	0.603808	0.020641	0.969182	0.245479	-0.626814	-0.178739	0.758391	-333.291076	-12.788803	30.754529	3.595200	3.594675	3.594463	89.977599	90.012955	89.983587	108.144324	0.069027	0.071963	48.470308	0.875000	-1596.113814	184.244089	-172.971276	184.244089	-1385.195634	50.218948	-172.971276	50.218948	-1369.244070	-1686.089419	84.965678	-191.368321	84.965678	-1442.677210	79.404954	-191.368321	79.404954	-1294.538697	652.183935	1.000000	
25137	0.050572	0.998672	0.009826	-0.496215	0.016587	0.868041	0.866726	-0.048775	0.496395	187.085243	90.995982	-20.007825	3.594152	3.595485	3.593723	90.022045	90.007219	89.996609	96.818141	0.055186	0.059174	63.595691	1.000000	-1256.181430	-178.535824	-90.412448	-178.535824	-1666.045147	-75.748175	-90.412448	-75.748175	-1700.358400	-1441.085449	6.211388	-124.619347	6.211388	-1459.460688	-157.677446	-124.619347	-157.677446	-1764.698173	457.451118	1.000000	
28835	0.771053	-0.274734	0.574455	0.020722	0.912485	0.408584	-0.636433	-0.303136	0.709268	63.941482	-18.063730	-71.126769	3.593685	3.594670	3.594542	90.000488	89.976980	90.009746	84.129370	0.056716	0.056428	70.050547	0.992188	-1439.963896	-8.123168	162.733046	-8.123168	-1489.606670	-8.244661	162.733046	-8.244661	-1821.202100	-1374.592200	-74.336373	149.952558	-74.336373	-1510.635597	4.301947	149.952558	4.301947	-1945.115637	517.195824	1.000000	
25100	0.071637	0.848049	0.525053	-0.994253	0.018726	0.105408	0.079559	-0.529587	0.844517	265.324408	463.936402	-96.934380	3.593591	3.595113	3.595827	89.999012	89.992206	89.994936	38.270920	0.050136	0.042827	49.623555	1.000000	-1286.939007	-30.120055	97.566074	-30.120055	-1789.168241	17.610247	97.566074	17.610247	-1221.092330	-1228.578239	5.954926	47.875405	5.954926	-1702.953892	55.352701	47.875405	55.352701	-1271.465760	326.451999	1.000000	
24661	-0.160684	-0.946730	-0.279075	0.981979	-0.181843	0.051485	-0.099490	-0.265773	0.958888	303.682985	-70.539631	-90.786085	3.593834	3.595483	3.594675	89.982562	89.998428	90.018026	86.070854	0.071793	0.066030	33.430183	0.984375	-1250.186560	213.362744	-97.177309	213.362744	-1642.377180	56.068296	-97.177309	56.068296	-1553.967344	-1218.264395	189.864556	-20.764284	189.864556	-1752.965862	157.498606	-20.764284	157.498606	-1569.538824	703.404277	1.000000	
28082	0.927493	-0.343067	0.148536	0.341395	0.939175	0.037422	-0.152339	0.016001	0.988199	-378.102613	-487.456593	-64.492370	3.594723	3.594629	3.594847	90.009562	89.988721	90.022320	86.498205	0.069497	0.057743	35.493428	0.875000	-1308.840904	-140.161177	108.055877	-140.161177	-1616.936058	-17.143045	108.055877	-17.143045	-1463.510701	-1643.317291	-320.245402	-46.829109	-320.245402	-1040.864864	47.647297	-46.829109	47.647297	-1529.937604	853.736999	1.000000	
22809	-0.381006	-0.917867	0.111155	0.307740	-0.012528	0.951388	-0.871854	0.396691	0.287238	-407.201397	12.454193	59.619189	3.596864	3.593345	3.597205	89.990331	90.004968	90.029875	112.600391	0.061538	0.072460	65.957864	1.000000	-1889.262159	11.694876	180.272231	11.694876	-810.861298	59.750344	180.272231	59.750344	-796.224341	-1879.141113	-41.895861	129.646388	-41.895861	-928.958002	28.300631	129.646388	28.300631	-877.677698	272.525327	1.000000	
24352	-0.275120	-0.809661	-0.518420	0.932480	-0.356008	0.061150	-0.234073	-0.466592	0.852937	235.205668	494.470748	71.965852	3.593014	3.595297	3.596348	89.993753	89.993233	89.983741	150.100008	0.080666	0.090056	33.795096	0.890625	-1150.256877	38.313780	-155.955950	38.313780	-1946.419835	131.816356	-155.955950	131.816356	-1164.688365	-1120.986090	-44.792313	-78.588544	-44.792313	-2036.293076	91.571989	-78.588544	91.571989	-1173.515062	373.165639	1.000000	
26102	-0.342463	0.861604	0.374643	-0.935862	-0.348041	-0.055049	0.082960	-0.369466	0.925534	35.192178	-235.993241	84.729373	3.594910	3.595145	3.594321	89.996018	89.994086	90.004119	67.867676	0.058267	0.051595	69.850608	1.000000	-1357.975913	-14.794145	-76.493058	-14.794145	-1423.147438	-49.989779	-76.493058	-49.989779	-1558.713241	-1466.370201	-35.814580	-55.200762	-35.814580	-1355.330703	-121.964795	-55.200762	-121.964795	-1531.976136	409.811029	1.000000	
24407	-0.097168	0.132428	-0.986418	0.443410	0.893072	0.076217	0.891036	-0.429982	-0.145498	379.473627	-422.620599	-67.805667	3.595313	3.594652	3.594619	90.018306	89.999162	90.015261	44.446916	0.047199	0.040243	76.556540	1.000000	-1446.161206	132.164620	-109.347297	132.164620	-1576.070447	18.139554	-109.347297	18.139554	-1259.916711	-1474.124006	132.411459	6.387225	132.411459	-1595.029120	38.472400	6.387225	38.472400	-1269.982977	295.261708	1.000000	
26434	-0.441166	0.811850	0.382457	-0.872431	-0.487862	0.029242	0.210326	-0.320767	0.923510	467.375262	296.981846	-77.913391	3.595151	3.595024	3.596111	90.005521	89.981877	89.966660	36.839212	0.046145	0.039058	51.148130	1.000000	-1622.501094	-173.329511	112.261751	-173.329511	-1114.588852	-50.920658	112.261751	-50.920658	-1072.554817	-1706.930427	-115.514777	113.856099	-115.514777	-1088.523157	-15.049657	113.856099	-15.049657	-1016.542314	216.446576	1.000000	
21412	0.883467	0.437555	-0.167426	0.010885	0.338104	0.941046	0.468366	-0.833205	0.293942	-175.538652	-115.676580	-16.817021	3.594527	3.594412	3.593911	89.997735	90.020080	89.980911	59.347597	0.049420	0.041492	83.826070	1.000000	-1353.841747	-65.434397	-94.771450	-65.434397	-1665.222208	-104.678444	-94.771450	-104.678444	-1744.936200	-1362.105796	-14.710152	-123.159468	-14.710152	-1742.244831	-72.883166	-123.159468	-72.883166	-1786.527696	421.347043	1.000000	
27968	0.630380	-0.108421	-0.768678	0.251585	0.965288	0.070168	0.734388	-0.237620	0.635776	-8.192214	177.679612	-7.506814	3.593155	3.594925	3.593607	89.980961	89.996454	90.021414	91.737303	0.065584	0.059191	65.911115	0.820312	-1798.138351	-295.627902	7.863242	-295.627902	-1509.608527	-122.670975	7.863242	-122.670975	-1779.010057	-1851.751705	-340.309275	128.038506	-340.309275	-1513.829227	-169.749358	128.038506	-169.749358	-1710.368452	635.969044	1.000000	
21415	-0.967654	0.159761	-0.195251	0.077893	0.925322	0.371096	0.239957	0.343884	-0.907835	403.715373	18.972637	-1.993008	3.595622	3.594670	3.594662	89.987505	90.011486	89.996824	61.657944	0.049433	0.047871	80.662549	1.000000	-1286.278485	-19.961703	-176.287880	-19.961703	-1406.212622	-66.802587	-176.287880	-66.802587	-1486.930059	-1190.258473	-78.038792	-21.623917	-78.038792	-1493.077762	-20.784334	-21.623917	-20.784334	-1474.562510	407.336676	1.000000	
21703	0.852084	0.419160	-0.313460	-0.072692	0.687854	0.722200	0.518332	-0.592589	0.616579	9.155154	-60.996677	82.777385	3.594671	3.594131	3.594069	89.997139	90.006148	89.969100	70.782201	0.066508	0.060446	48.665209	1.000000	-1308.842817	112.245935	-16.332733	112.245935	-1635.067632	76.483579	-16.332733	76.483579	-1814.495206	-1479.077881	-84.335592	45.537425	-84.335592	-1552.082520	-42.322340	45.537425	-42.322340	-1871.843341	482.603579	1.000000	
25191	0.052562	-0.968735	-0.242466	0.970539	-0.007617	0.240826	-0.235143	-0.247980	0.939794	-258.133482	-148.283547	-9.379879	3.594425	3.594391	3.594622	89.983347	89.995170	89.982958	54.266150	0.058991	0.051937	65.069856	1.000000	-1502.435688	-185.885880	-101.788208	-185.885880	-1528.660126	3.247198	-101.788208	3.247198	-1569.769342	-1595.362106	-157.519941	-74.866522	-157.519941	-1541.335064	47.885933	-74.866522	47.885933	-1429.011375	319.273033	1.000000	
21879	0.490848	0.869735	-0.051280	-0.059990	0.092458	0.993908	0.869177	-0.484782	0.097558	388.565392	-176.969984	13.063001	3.594669	3.595405	3.594793	89.985851	90.006445	90.007571	63.003031	0.061177	0.053306	91.341665	1.000000	-1390.535080	93.579464	-107.301208	93.579464	-1414.880827	-119.523073	-107.301208	-119.523073	-1398.144463	-1462.830176	114.918660	-112.401423	114.918660	-1522.810703	-17.607716	-112.401423	-17.607716	-1271.241850	427.715899	1.000000	
25364	0.115714	-0.386071	-0.915183	0.951467	0.307607	-0.009462	0.285169	-0.869671	0.402928	-438.211858	-41.555216	79.887313	3.596661	3.595965	3.593400	89.974642	89.943239	90.015338	279.925650	0.135207	0.169917	41.406138	0.846774	-1651.624166	-433.376999	332.702924	-433.376999	-1035.024790	371.743620	332.702924	371.743620	-1195.706633	-1944.998575	-122.457940	262.084064	-122.457940	-1061.252178	-52.052979	262.084064	-52.052979	-986.087645	624.654810	1.000000	
25004	-0.030141	-0.290233	-0.956481	0.996716	-0.080686	-0.006926	-0.075164	-0.953548	0.291712	-86.162286	-107.221301	-108.826627	3.593627	3.594643	3.596393	90.001308	90.002022	89.997176	86.474752	0.064936	0.056520	29.446801	0.984375	-1050.596347	20.525652	-145.548723	20.525652	-1772.152955	-8.004584	-145.548723	-8.004584	-1437.661540	-1152.109266	-20.085092	-247.070556	-20.085092	-1893.876782	132.119780	-247.070556	132.119780	-1430.413052	597.607795	1.000000	
21681	0.971057	-0.221111	0.090325	-0.079275	0.058369	0.995142	-0.225309	-0.973500	0.039151	-412.131337	-136.963382	75.614669	3.592790	3.596761	3.596760	89.997479	90.001443	89.976681	68.945064	0.050350	0.045137	46.022270	0.992188	-2030.262398	83.189117	57.165291	83.189117	-904.286844	-25.105324	57.165291	-25.105324	-868.018182	-2079.084183	106.876318	198.066528	106.876318	-896.344085	22.942564	198.066528	22.942564	-895.024628	276.903682	1.000000	
22379	0.684024	0.171126	0.709103	-0.259204	0.965673	0.016993	-0.681854	-0.195426	0.704900	-474.025816	308.952566	32.938989	3.593643	3.597030	3.596102	89.992727	90.039949	90.012909	68.414540	0.052110	0.048026	27.783370	0.921875	-1743.450431	198.017693	337.586498	198.017693	-826.876032	9.473119	337.586498	9.473119	-1103.510993	-1827.334731	155.074456	225.918805	155.074456	-908.011779	141.146430	225.918805	141.146430	-935.694501	449.597362	1.000000	
21425	0.537016	0.841099	-0.064539	0.022563	0.062158	0.997811	0.843270	-0.537297	0.014402	-359.039694	-66.851647	2.337506	3.595428	3.594780	3.595395	90.011204	89.995405	90.028828	53.839195	0.047598	0.042390	76.129696	1.000000	-1616.632273	-82.122993	-30.751252	-82.122993	-1290.952622	81.722483	-30.751252	81.722483	-1091.890169	-1619.534530	-21.660393	-62.021815	-21.660393	-1256.064828	-43.185909	-62.021815	-43.185909	-1061.833236	200.509380	1.000000	
25051	-0.009513	-0.897224	-0.441473	0.999690	0.001630	-0.024853	0.023018	-0.441573	0.896930	-331.901976	-372.583600	-78.052588	3.594618	3.594769	3.594554	90.001431	89.979131	89.981538	58.827374	0.046948	0.040470	76.844278	1.000000	-1470.172749	-225.033045	25.224512	-225.033045	-1503.558333	92.147651	25.224512	92.147651	-1486.886666	-1390.172467	-213.477252	-66.933361	-213.477252	-1560.358508	239.630694	-66.933361	239.630694	-1486.912997	428.467500	1.000000	
26703	-0.245767	-0.028565	0.968908	-0.428070	0.900014	-0.082047	-0.869687	-0.434925	-0.233422	-188.518806	21.881433	75.205376	3.593080	3.595208	3.595318	90.000754	90.001603	89.998808	72.439818	0.059017	0.052476	72.006995	1.000000	-1330.900480	-67.044371	-118.241419	-67.044371	-1447.188339	-226.996875	-118.241419	-226.996875	-1775.769180	-1387.886162	-60.198500	8.135635	-60.198500	-1444.757138	-160.925942	8.135635	-160.925942	-1768.640393	483.412770	1.000000	
25386	-0.046270	0.656051	0.753297	-0.997207	0.013923	-0.073378	-0.058627	-0.754588	0.653574	-290.152670	158.500703	-81.908904	3.593738	3.595389	3.594239	89.997787	90.017389	90.007864	59.073912	0.051350	0.046671	47.626860	0.991935	-1429.331513	153.902937	-149.655116	153.902937	-1758.995034	36.337061	-149.655116	36.337061	-1432.378272	-1469.040559	120.859712	-245.619675	120.859712	-1703.372225	9.294394	-245.619675	9.294394	-1362.145303	386.403438	1.000000	
24616	-0.174410	-0.705202	-0.687220	0.946915	0.071296	-0.313480	0.270062	-0.705413	0.655331	397.216090	-408.664655	49.554937	3.594879	3.595091	3.595617	90.005613	90.013308	90.018117	64.066062	0.052474	0.049165	63.044270	1.000000	-1410.442697	209.344237	-18.811815	209.344237	-1352.371583	-17.938692	-18.811815	-17.938692	-1240.825843	-1352.095757	281.458723	10.045726	281.458723	-1351.360312	102.985903	10.045726	102.985903	-1370.252880	379.665588	1.000000	
25285	0.090730	-0.314183	-0.945017	0.955420	0.295180	-0.006407	0.280963	-0.902307	0.326958	-9.788526	-270.558250	-100.922119	3.593737	3.594314	3.595322	89.998401	90.016189	89.997941	64.819034	0.070529	0.064165	44.243784	1.000000	-1299.291222	106.475534	-49.972194	106.475534	-1713.876459	-99.918350	-49.972194	-99.918350	-1605.477857	-1190.858945	117.756884	-18.973168	117.756884	-1756.924096	0.948261	-18.973168	0.948261	-1528.596563	415.401458	1.000000	
24844	-0.088827	-0.786961	-0.610576	0.991467	-0.011138	-0.129884	0.095413	-0.616903	0.781235	-273.317932	-47.562287	14.256728	3.594333	3.594611	3.595371	89.994107	89.993121	89.995438	70.114150	0.052625	0.049696	84.871984	1.000000	-1357.368784	-37.413557	-120.722524	-37.413557	-1585.473607	-3.732449	-120.722524	-3.732449	-1413.959803	-1251.770247	10.084083	-85.278501	10.084083	-1773.658884	-37.174894	-85.278501	-37.174894	-1270.382807	599.650208	1.000000	
26195	-0.347705	0.586014	0.731908	-0.853157	-0.521511	0.012251	0.388877	-0.620172	0.681294	-72.697132	-385.966967	-22.150967	3.594836	3.594600	3.595134	89.997200	89.997623	89.992064	66.085356	0.058989	0.051678	62.901613	1.000000	-1430.426818	-23.437042	95.417612	-23.437042	-1391.506790	-18.728502	95.417612	-18.728502	-1464.253219	-1202.662609	12.251312	67.168218	12.251312	-1454.091658	-18.884415	67.168218	-18.884415	-1577.352255	433.146070	1.000000	
25514	-0.097952	0.399466	0.911500	-0.994861	-0.062895	-0.079346	0.025633	-0.914588	0.403573	29.625936	-19.041408	-90.041202	3.594773	3.594260	3.594915	89.987981	90.004933	89.993140	64.491215	0.054861	0.046626	70.678838	1.000000	-1362.715818	6.667389	2.789685	6.667389	-1450.447406	67.132548	2.789685	67.132548	-1645.727731	-1333.992209	45.571148	-55.221684	45.571148	-1482.896803	-21.385503	-55.221684	-21.385503	-1727.243435	436.879549	1.000000	
28509	0.596298	0.008171	-0.802721	0.088422	0.993195	0.075794	0.797878	-0.116174	0.591518	-381.788847	140.178367	61.543379	3.595146	3.595867	3.595289	90.010364	89.956033	89.997244	81.051518	0.045366	0.045654	76.500815	1.000000	-1688.142980	75.556813	-139.867284	75.556813	-1154.921823	-11.555079	-139.867284	-11.555079	-962.246594	-1529.023606	35.596484	-46.384676	35.596484	-1166.465337	41.067901	-46.384676	41.067901	-1146.821671	212.483381	1.000000	
21693	0.936353	-0.114123	0.331991	-0.081489	0.849199	0.521747	-0.341470	-0.515594	0.785851	-183.250412	-143.380712	-22.488094	3.595303	3.594451	3.593439	89.985188	90.001651	90.013881	65.485591	0.049380	0.043270	91.761686	1.000000	-1357.764726	-142.022528	-137.952910	-142.022528	-1483.979609	-23.832998	-137.952910	-23.832998	-1826.872701	-1305.198486	-180.747043	-70.922675	-180.747043	-1484.228193	-19.497264	-70.922675	-19.497264	-1856.280323	404.728143	1.000000	
23305	-0.473332	0.298884	-0.828628	0.545648	0.837961	-0.009437	0.691538	-0.456606	-0.559719	412.132059	-24.214325	23.260782	3.595781	3.595667	3.594721	90.002028	90.007746	90.019544	67.521690	0.052147	0.047535	124.833575	1.000000	-1372.865773	72.104993	-187.194493	72.104993	-1348.926435	-16.448181	-187.194493	-16.448181	-1119.899144	-1446.689904	-41.683376	-168.625530	-41.683376	-1219.704284	-41.669518	-168.625530	-41.669518	-1287.340610	471.449696	1.000000	
22082	-0.879126	-0.388675	0.275806	0.309312	-0.025046	0.950631	-0.362579	0.921034	0.142240	330.281582	117.414682	-35.898778	3.594703	3.594301	3.594593	90.001935	89.990686	89.974902	117.261208	0.078879	0.070357	53.404191	0.875000	-1376.954083	-85.110456	-129.093592	-85.110456	-1453.949911	23.641595	-129.093592	23.641595	-1725.705788	-1334.150507	-154.533615	55.322960	-154.533615	-1690.790853	-128.871673	55.322960	-128.871673	-1754.139587	521.309822	1.000000	
21978	0.406207	-0.227544	0.884997	-0.060675	0.959646	0.274587	-0.911764	-0.165237	0.376009	-38.098312	-131.497838	9.608501	3.593851	3.594488	3.595072	90.006072	89.987499	90.012208	66.482031	0.052822	0.047316	105.310780	1.000000	-1314.063310	-34.446577	45.643481	-34.446577	-1538.783321	52.511544	45.643481	52.511544	-1755.543004	-1349.538172	-95.449375	189.870869	-95.449375	-1535.834661	-31.278731	189.870869	-31.278731	-1766.689155	477.732319	1.000000	
25502	-0.040477	0.996054	0.078975	-0.611650	-0.087200	0.786308	0.790093	-0.016478	0.612766	70.466914	372.412277	-96.640001	3.595027	3.594790	3.594457	90.021989	90.000156	90.008515	70.997167	0.054416	0.048424	44.685671	0.945312	-1472.000669	-107.786038	-181.780648	-107.786038	-1459.988148	-59.625369	-181.780648	-59.625369	-1436.254641	-1523.438585	-275.908880	-223.980229	-275.908880	-1581.834636	-18.024519	-223.980229	-18.024519	-1352.147918	389.597155	1.000000	
25372	0.125205	-0.973924	-0.189199	0.974694	0.085151	0.206692	-0.185192	-0.210290	0.959939	-322.941332	-298.767287	7.545836	3.594851	3.595014	3.595380	89.999755	89.998117	89.981081	66.463331	0.058413	0.051774	67.713057	1.000000	-1422.175597	-167.335494	8.644920	-167.335494	-1389.792646	6.787198	8.644920	6.787198	-1286.743854	-1326.633462	-302.358197	10.266901	-302.358197	-1216.458494	-49.480011	10.266901	-49.480011	-1424.994366	415.167453	1.000000	
25039	-0.009524	0.269580	-0.962931	0.935983	0.341305	0.086294	0.351916	-0.900465	-0.255573	-20.102602	-429.426804	-4.109592	3.593796	3.594585	3.596353	90.004365	90.004049	90.010754	66.304600	0.053607	0.050661	62.638553	1.000000	-1029.302792	-18.754760	93.412382	-18.754760	-1760.371053	-1.676265	93.412382	-1.676265	-1451.080283	-1036.952647	20.816123	117.176582	20.816123	-1793.399621	-22.567988	117.176582	-22.567988	-1363.831152	411.104473	1.000000	
21448	-0.847871	-0.472572	0.240396	0.080988	0.332650	0.939567	-0.523980	0.816101	-0.243772	319.691138	-235.880723	73.448885	3.594800	3.595081	3.595279	90.013953	90.032758	89.998817	73.878774	0.055853	0.051623	47.277194	1.000000	-1267.195179	280.631400	-103.333531	280.631400	-1437.283707	52.375751	-103.333531	52.375751	-1417.946448	-1379.124265	295.181241	-112.651526	295.181241	-1383.467326	-12.219049	-112.651526	-12.219049	-1524.097212	474.467408	1.000000	
25119	0.021797	-0.983668	-0.178670	0.994155	0.002425	0.107935	-0.105739	-0.179978	0.977971	131.135278	-264.239499	86.196921	3.595035	3.594825	3.595175	90.005694	89.987081	90.014153	67.626234	0.063188	0.054899	60.212883	1.000000	-1447.326966	105.539725	21.203886	105.539725	-1355.172767	135.255890	21.203886	135.255890	-1354.339406	-1519.371811	22.272920	5.662624	22.272920	-1422.056481	2.679233	5.662624	2.679233	-1259.570949	434.741193	1.000000	
21688	0.993072	-0.011558	0.116940	-0.087748	0.588958	0.803385	-0.078158	-0.808081	0.583864	109.256700	454.791207	-47.377252	3.595459	3.595581	3.594081	90.020835	90.014407	90.011192	78.309902	0.045302	0.044755	37.093509	0.960938	-1293.122077	-203.067270	-0.857011	-203.067270	-1640.737972	-128.243261	-0.857011	-128.243261	-1199.314746	-1380.101810	-133.463957	-78.751862	-133.463957	-1770.075169	-33.414064	-78.751862	-33.414064	-1035.666246	323.926062	1.000000	
28782	-0.890466	0.445269	-0.093842	-0.135923	-0.063454	0.988685	0.434277	0.893145	0.117026	314.064418	136.370397	92.967121	3.594535	3.594785	3.594501	89.981595	90.020839	90.003997	146.592725	0.089279	0.095571	30.785227	0.804688	-1520.643749	228.139426	69.926893	228.139426	-1498.879785	65.517171	69.926893	65.517171	-1474.719579	-1446.810383	209.755540	100.683376	209.755540	-1024.681368	108.638134	100.683376	108.638134	-1647.231619	821.006907	1.000000	
27986	0.798294	-0.530664	-0.284821	0.324979	-0.018619	0.945538	-0.507066	-0.847378	0.157591	272.691349	-458.362362	74.829417	3.597006	3.596281	3.593646	90.013702	90.022373	90.019262	106.309673	0.051398	0.056929	33.476544	0.929688	-769.268808	210.899287	-51.755136	210.899287	-1779.807347	82.052888	-51.755136	82.052888	-1080.842196	-1034.480360	-188.034355	-55.773360	-188.034355	-1180.722351	52.997390	-55.773360	52.997390	-1034.318865	997.651318	1.000000	
25536	-0.106082	0.458008	0.882596	-0.994150	-0.066994	-0.084725	0.020325	-0.886420	0.462435	-389.552147	313.424659	-71.208544	3.595009	3.594908	3.595109	90.021719	90.019602	90.017934	53.350699	0.049978	0.041443	62.040808	1.000000	-1476.557226	235.758220	119.812146	235.758220	-1438.064122	-69.838575	119.812146	-69.838575	-1244.917061	-1423.376306	230.075565	165.645881	230.075565	-1447.858180	-83.374219	165.645881	-83.374219	-1197.417178	399.584222	1.000000	
